input Bytes; compress_in_place;hash_many;M21;M216;M41;M416;M81;M816;M161;M1616;ipCS;ipCE;ipPARENT
      0;          0;   0;          0;   0;   0;   0;   0;   0;   0;   0;         0 0 0 0 0 0 0

      1;          0;   0;          0;   0;   0;   0;   0;   0;   0;   0;         0 0 0 0 0 0 0

      2;          0;   0;          0;   0;   0;   0;   0;   0;   0;   0;         0 0 0 0 0 0 0

      3;          0;   0;          0;   0;   0;   0;   0;   0;   0;   0;         0 0 0 0 0 0 0

      4;          0;   0;          0;   0;   0;   0;   0;   0;   0;   0;         0 0 0 0 0 0 0

      5;          0;   0;          0;   0;   0;   0;   0;   0;   0;   0;         0 0 0 0 0 0 0

      6;          0;   0;          0;   0;   0;   0;   0;   0;   0;   0;         0 0 0 0 0 0 0

      7;          0;   0;          0;   0;   0;   0;   0;   0;   0;   0;         0 0 0 0 0 0 0

      8;          0;   0;          0;   0;   0;   0;   0;   0;   0;   0;         0 0 0 0 0 0 0

     63;          0;   0;          0;   0;   0;   0;   0;   0;   0;   0;         0 0 0 0 0 0 0

     64;          0;   0;          0;   0;   0;   0;   0;   0;   0;   0;         0 0 0 0 0 0 0

     65;          1;   0;          0;   0;   0;   0;   0;   0;   0;   0;         1 0 0 0 0 0 0

    127;          1;   0;          0;   0;   0;   0;   0;   0;   0;   0;         1 0 0 0 0 0 0

    128;          1;   0;          0;   0;   0;   0;   0;   0;   0;   0;         1 0 0 0 0 0 0

    129;          2;   0;          0;   0;   0;   0;   0;   0;   0;   0;         1 0 0 0 0 0 0

    255;          3;   0;          0;   0;   0;   0;   0;   0;   0;   0;         1 0 0 0 0 0 0

    256;          3;   0;          0;   0;   0;   0;   0;   0;   0;   0;         1 0 0 0 0 0 0

    257;          4;   0;          0;   0;   0;   0;   0;   0;   0;   0;         1 0 0 0 0 0 0

    512;          7;   0;          0;   0;   0;   0;   0;   0;   0;   0;         1 0 0 0 0 0 0

    513;          8;   0;          0;   0;   0;   0;   0;   0;   0;   0;         1 0 0 0 0 0 0

   1023;         15;   0;          0;   0;   0;   0;   0;   0;   0;   0;         1 0 0 0 0 0 0

   1024;         15;   0;          0;   0;   0;   0;   0;   0;   0;   0;         1 0 0 0 0 0 0

   1025;         17;   0;          0;   0;   0;   0;   0;   0;   0;   0;         2 2 0 0 0 0 0

   2047;         32;   0;          0;   0;   0;   0;   0;   0;   0;   0;         2 2 0 0 0 0 0

   2048;          0;   1;          0;   1;   0;   0;   0;   0;   0;   0;         0 0 0 0 0 0 0

   2049;          2;   1;          0;   1;   0;   0;   0;   0;   0;   0;         1 1 1 0 0 0 0

   2549;          9;   1;          0;   1;   0;   0;   0;   0;   0;   0;         1 1 1 0 0 0 0

   2649;         11;   1;          0;   1;   0;   0;   0;   0;   0;   0;         1 1 1 0 0 0 0

   3072;         17;   1;          0;   1;   0;   0;   0;   0;   0;   0;         1 1 1 0 0 0 0

   3073;         19;   1;          0;   1;   0;   0;   0;   0;   0;   0;         2 2 2 0 0 0 0

   3572;         26;   1;          0;   1;   0;   0;   0;   0;   0;   0;         2 2 2 0 0 0 0

   3672;         28;   1;          0;   1;   0;   0;   0;   0;   0;   0;         2 2 2 0 0 0 0

   4095;         34;   1;          0;   1;   0;   0;   0;   0;   0;   0;         2 2 2 0 0 0 0

   4096;          0;   2;          1;   0;   0;   1;   0;   0;   0;   0;         0 0 0 0 0 0 0

   4097;          2;   2;          1;   0;   0;   1;   0;   0;   0;   0;         1 1 1 0 0 0 0

   4496;          8;   2;          1;   0;   0;   1;   0;   0;   0;   0;         1 1 1 0 0 0 0

   4596;          9;   2;          1;   0;   0;   1;   0;   0;   0;   0;         1 1 1 0 0 0 0

   4696;         11;   2;          1;   0;   0;   1;   0;   0;   0;   0;         1 1 1 0 0 0 0

   5120;         17;   2;          1;   0;   0;   1;   0;   0;   0;   0;         1 1 1 0 0 0 0

   5121;         19;   2;          1;   0;   0;   1;   0;   0;   0;   0;         2 2 2 0 0 0 0

   5621;         26;   2;          1;   0;   0;   1;   0;   0;   0;   0;         2 2 2 0 0 0 0

   6144;          2;   3;          1;   1;   0;   1;   0;   0;   0;   0;         0 0 2 0 0 0 0

   6145;          4;   3;          1;   1;   0;   1;   0;   0;   0;   0;         1 1 3 0 0 0 0

   6645;         11;   3;          1;   1;   0;   1;   0;   0;   0;   0;         1 1 3 0 0 0 0

   7168;         19;   3;          1;   1;   0;   1;   0;   0;   0;   0;         1 1 3 0 0 0 0

   7169;         21;   3;          1;   1;   0;   1;   0;   0;   0;   0;         2 2 4 0 0 0 0

   8192;          0;   4;          1;   0;   1;   2;   0;   0;   0;   0;         0 0 0 0 0 0 0

   8193;          2;   4;          1;   0;   1;   2;   0;   0;   0;   0;         1 1 1 0 0 0 0

   8693;          9;   4;          1;   0;   1;   2;   0;   0;   0;   0;         1 1 1 0 0 0 0

  16384;          0;   8;          1;   0;   3;   4;   0;   0;   0;   0;         0 0 0 0 0 0 0

  16385;          2;   8;          1;   0;   3;   4;   0;   0;   0;   0;         1 1 1 0 0 0 0

  31744;         23;  15;          3;   1;   4;   7;   0;   0;   0;   0;         1 1 7 0 0 0 0

  31745;         25;  15;          3;   1;   4;   7;   0;   0;   0;   0;         2 2 8 0 0 0 0

  65536;          0;  32;          1;   0;  15;  16;   0;   0;   0;   0;         0 0 0 0 0 0 0

  65537;          2;  32;          1;   0;  15;  16;   0;   0;   0;   0;         1 1 1 0 0 0 0

 102400;          4;  50;          3;   0;  22;  25;   0;   0;   0;   0;         0 0 4 0 0 0 0

 102401;          6;  50;          3;   0;  22;  25;   0;   0;   0;   0;         1 1 5 0 0 0 0

 131072;          0;  64;          1;   0;  31;  32;   0;   0;   0;   0;         0 0 0 0 0 0 0

 131073;          2;  64;          1;   0;  31;  32;   0;   0;   0;   0;         1 1 1 0 0 0 0

 262144;          0; 128;          1;   0;  63;  64;   0;   0;   0;   0;         0 0 0 0 0 0 0

 262145;          2; 128;          1;   0;  63;  64;   0;   0;   0;   0;         1 1 1 0 0 0 0

 524288;          0; 256;          1;   0; 127; 128;   0;   0;   0;   0;         0 0 0 0 0 0 0

 524289;          2; 256;          1;   0; 127; 128;   0;   0;   0;   0;         1 1 1 0 0 0 0

1048576;          0; 512;          1;   0; 255; 256;   0;   0;   0;   0;         0 0 0 0 0 0 0

1048577;          2; 512;          1;   0; 255; 256;   0;   0;   0;   0;         1 1 1 0 0 0 0

2097152;          0;1024;          1;   0; 511; 512;   0;   0;   0;   0;         0 0 0 0 0 0 0

2097153;          2;1024;          1;   0; 511; 512;   0;   0;   0;   0;         1 1 1 0 0 0 0